0.99530524
0.67042595
0.87340053
1.1575831
0.81034544
1.1127517
1.1165309
1.1218825
1.0371764
0.95257676
0.58211188
0.5503272
0.77515389
1.0473921
1.2356044
1.0617412
0.99986429
0.97226628
1.0506295
1.015013
0.82647334
0.93974938
1.0148283
0.9659671
0.81904263
0.84087175
0.76476387
1.1114884
0.78588412
0.98374071
1.2521759
1.0249393
1.0735744
1.1079353
0.99877488
1.1518509
1.174427
0.31150585
0.70235448
1.2136121
0.86974457
0.97458968
0.95596143
0.92376376
0.92963408
1.2069105
0.87300713
1.1806241
0.8516431
0.87553113
1.2026389
0.74358613
0.5587681
1.0963188
0.84722322
0.91020623
0.60664885
0.87802332
1.1354774
1.1762936
1.7371812
1.1914756
1.1894663
0.67644339
1.1476722
1.1031575
1.404798
1.2798995
1.2146552
1.0877725
0.64157875
0.72079844
0.91342248
1.1967624
0.81522119
0.65286449
0.96190445
0.8648446
1.0292629
1.3087759
0.86158714
1.0650004
0.52188356
1.1318161
1.0798983
1.3675125
1.0791661
1.1506059
1.1229631
0.73646247
0.97237428
1.1501825
0.82793692
0.78601114
0.71184846
1.0194198
1.0289884
1.0395404
0.91156182
1.1782958
0.890709
0.80121201
1.151955
1.0858664
1.1571394
1.1043681
0.90295823
0.69679066
0.75705373
1.1276003
0.94510921
1.0229585
1.0711823
1.0304881
0.9147839
0.97713221
1.2473862
1.2412411
1.0953234
1.3004615
1.1670523
1.203062
1.1241658
0.94580583
1.0994069
1.3108603
1.2984099
1.063769
1.3138148
0.89343553
1.2197423
0.94844248
1.0607305
1.2770067
1.1086343
1.0680449
1.0170286
0.58678368
1.1944424
1.2582063
1.1409949
0.98879994
1.1180677
1.1580775
0.71897531
1.1302683
0.73195396
1.1255717
1.2200762
1.1272918
0.95766756
1.0784218
0.98459924
0.88672598
1.2019349
0.40898849
1.1208348
0.72045272
0.82874371
0.89427469
0.93499615
-0.59756965
0.58019289
1.153187
1.3411867
1.6109325
-0.5708698
0.75159304
0.50057298
1.1501672
0.45954609
1.0506047
1.3997569
1.1079326
1.1240523
1.0173689
0.95909594
0.99505602
0.38017463
1.3318353
1.2842184
0.97199842
0.75169815
1.2049673
1.334503
0.9996069
0.88909067
0.77358144
1.1959032
1.0998372
0.91987364
1.1523498
1.1384092
0.69152636
1.2640302
1.2257472
1.1336132
1.1111647
1.1239188
0.86968765
0.60931097
0.99073675
0.86684853
1.1690141
0.65971116
0.88735671
0.97961482
1.1109628
1.1465675
1.0346229
1.1335037
1.0857122
1.2167688
1.0905934
1.1502116
1.0550719
1.0773733
0.80307029
0.96978537
1.1906361
1.0245236
1.0113584
1.0900942
0.98195717
0.90472867
0.95911187
1.0407764
0.86918833
1.0180844
1.0602748
1.0125151
0.82851906
1.055661
1.082597
1.0156302
0.78004616
0.84533717
1.2626381
0.96304348
1.0635339
1.0720183
0.79766472
0.84951342
0.83311059
0.7800566
1.0987013
1.0784125
1.3096516
1.0879612
1.0130448
1.079631
1.1417005
0.87395632
1.2170225
0.98777471
0.70825838
0.85641343
1.1251593
0.82479016
1.0997379
0.95249314
1.0878824
0.81933674
1.2908437
0.80924378
0.96711844
1.1906236
1.1422822
1.0191566
0.83646445
1.0550278
0.76615968
0.75076069
0.79621192
0.72297808
1.1745344
0.78354326
0.59141077
0.94631602
1.1177723
1.4683763
1.0353002
1.5424155
0.93756236
1.2316938
1.0258455
1.0326772
0.62588189
1.0815376
0.76709676
1.1318343
1.2442846
1.1601904
1.0919942
