-1.0932203
-1.0620045
-0.96070024
-1.0598926
-1.0923763
-1.054039
-1.0960005
-1.0673797
-0.87083029
-0.95782002
-0.99040287
-0.85832564
-1.0403867
-1.1065518
-0.87816162
-0.96075946
-0.95680175
-1.1054855
-1.1919147
-0.56280788
-1.0245319
-1.0757529
-0.99639469
-0.62484913
-0.936807
-1.0483767
-0.87993337
-0.93577933
-0.97000946
-0.82391744
-0.70430992
-1.0216345
-0.85385739
-0.9267795
-1.3005066
-1.0489297
-0.96997277
-1.0053455
-1.12722
-0.9134242
-0.97910074
-0.82441391
-1.0177023
-0.8296163
-0.98276025
-0.76401954
-0.82659297
-0.9594849
-1.0119403
-1.0500637
-1.0078975
-0.93094767
-0.94240064
-1.1375393
-0.71854104
-1.2211051
-0.72776931
-0.98777765
-0.99662858
-1.1602288
-1.0105365
-0.51876502
-0.71232012
-0.64810933
-0.93136801
-1.1252135
-1.0493896
-1.0813671
-1.1477605
-0.70825586
-0.61653191
-1.0607822
-1.0395512
-1.0870195
-1.1627791
-0.98163778
-1.116261
-0.90344847
-0.5909349
-1.2435729
-1.0826535
-0.84578766
-1.0513607
-0.83656004
-0.97339983
-0.96656988
-1.0116738
-0.90175904
-1.039678
-1.0216529
-1.105572
-1.0451923
-0.93318369
-1.1222091
-0.93782319
-0.92789619
-0.9404569
-1.0700126
-1.0328721
-1.103447
-1.142823
-0.99799123
-0.96957829
-1.0281714
-0.91090726
-1.1800002
-1.2157546
-0.73385756
-0.64612142
-0.86686675
-0.92546511
-0.62251796
-0.79498683
-1.0272814
-0.74244243
-1.0674368
-0.72743782
-1.0943572
-1.0836526
-0.86749136
-0.94264643
-1.2038735
-0.98686274
-1.0643972
-0.93365262
-1.1187677
-0.95829267
-1.1703885
-0.93135102
-0.77263527
-0.7540549
-0.95289419
-0.93130957
-0.92797792
-1.0323313
-1.1972831
-1.0877879
-1.1148885
-0.9262949
-1.0198636
-0.91293933
-1.0790235
-1.1085126
-1.0584118
-1.2476632
-0.80254136
-1.1414386
-0.73128185
-1.0772899
-0.76734915
-0.47207286
-1.2226671
-0.98251388
-1.0071186
-0.52664932
-1.0017047
-1.1688477
-0.86913526
-1.1200661
-1.0369411
-0.97113432
-1.0837906
-1.0463957
-1.0143116
-0.99067109
-0.83561314
-1.1911438
-0.88979219
-0.73897338
-1.1334213
-0.98623677
-1.0882683
-1.0653536
-0.964414
-0.94133141
-1.0589567
-0.93796989
-0.99095529
-0.62070303
-1.1129403
-0.90077957
-0.76393456
-1.0588421
-0.73386282
-1.2180725
-1.0813123
-1.1300398
-1.189592
-0.93397523
-1.1107878
-1.1398353
-1.1044166
-0.88013506
-1.2270309
-0.73887613
-1.1219124
-1.1393181
-1.0329929
-1.2095171
-1.0227198
-1.1290391
-1.1475777
-0.87907759
-1.0992774
-1.020133
-1.1742062
-1.2403545
-1.0314843
-0.58775585
-0.95798663
-0.98290908
-0.64402061
-1.1477167
-1.1415302
-0.97216604
-0.93679124
-0.97149659
-0.80803521
-1.0787998
-1.1028505
-1.2118146
-0.048522478
-0.7989881
-1.0932188
-0.98054498
-0.59226329
-1.1475854
-1.0766387
-0.86531392
-0.88744726
-1.0515345
-1.0813328
-0.79337798
-1.0494171
-1.2861201
-0.65065438
-1.1402247
-1.0449058
-0.95605214
-1.1284453
-1.0665971
-0.71557602
-0.89784964
-0.83628097
-0.85813906
-0.91421678
-1.0803479
-1.1336021
-1.2063964
-1.1130448
-0.95153088
-0.80078566
-1.0974843
-0.99657049
-0.28420618
-1.1182504
-1.1918215
-0.85864641
-1.173551
-1.1037799
-1.040327
-1.048093
-1.1363063
-0.98811499
-0.98990105
-1.0318323
-0.74088892
-1.0502255
-1.0634517
-0.8598755
-0.94451085
-0.79424367
-0.51427809
-1.1631186
-0.96750173
-1.1668672
-1.1926086
-1.0790638
-1.1931801
-1.0621948
-0.96524645
-1.1109842
-0.97188638
-0.76387782
-0.79941264
-0.88622096
-1.0663757
-0.90037044
-0.78917704
-1.0715105
-1.0453799
-0.82653821
-1.1384556
-1.1460366
-0.96943365
-1.0446816
-1.1684652
