0.71609387
0.32688005
0.2829862
1.0761184
0.29739344
0.63570502
0.91260035
0.92610826
0.66435206
0.64714374
1.0509767
0.80467844
0.86785195
0.66421572
-0.032988092
0.45047538
-2.3411779
0.2122957
0.6357691
0.57559685
0.77667083
0.84374991
1.1514414
0.8678626
0.68534091
0.71206333
1.249197
0.84538815
0.80712566
0.85668739
0.28435411
0.9196728
0.054158975
0.96777424
0.73309392
-1.3565013
0.53512335
0.78039355
0.57278205
0.70710142
0.82257173
0.84379404
0.33870536
0.90161348
0.85963722
0.87313935
0.27201148
0.57945868
0.57101868
1.0929956
0.72622845
0.44851397
0.80511432
0.73613946
1.020803
0.87956584
0.9294271
0.8518311
0.64289974
0.95176494
0.28166491
0.93298084
0.97530727
0.72238993
0.98984626
0.58552912
-0.42741324
0.6772485
0.50914404
0.32412513
0.76870127
0.88154843
1.0301679
0.61895384
0.42480157
0.71300454
0.73258834
0.90195274
1.1702668
0.81775244
0.77113795
0.68871613
0.88632767
0.54832742
0.45493954
0.81142617
1.0416681
1.0842094
0.42123877
0.70338
0.70755532
1.080179
1.0080143
0.84931565
1.0978861
0.67596149
0.51187068
0.5764068
0.83554788
0.70705325
0.72963
0.8269618
0.8020127
1.0685252
1.2215386
0.73821807
0.4027603
0.28474896
0.67077472
0.87645082
1.0235754
0.59682182
0.33013314
1.1397082
0.73816693
0.3102646
0.92871095
1.1596545
0.93294993
0.94564714
0.047297953
1.0294141
0.45939895
0.59897228
0.73518407
0.64215214
-0.96411777
0.68124493
0.77526905
0.37319074
0.71240198
0.67862763
0.59401908
0.98550367
0.58155762
1.0532243
0.2203479
0.82519702
0.79546383
0.89278907
0.64353722
-0.10044483
0.48173834
0.46445306
0.97861013
0.63137302
0.78709467
0.61873389
1.0764333
0.88943998
1.1050564
0.58861347
0.68093064
0.64093533
0.39792454
0.87359463
0.74759987
0.24349776
0.69834487
0.20545864
0.66788611
0.56156458
0.63245158
0.42758067
0.87385099
1.0015287
0.6924733
0.60138368
0.77355049
1.1046567
0.42116524
0.89171696
0.74354421
0.90014831
0.60670832
0.05848669
0.54089938
0.74235997
0.87561629
1.1024596
1.1745059
0.43729675
0.6844235
0.216555
0.85840937
0.81560064
0.3493794
0.87443624
0.750044
0.21564501
0.78379334
0.67317062
0.66923078
0.58150564
0.45879817
0.82127033
0.59094001
1.1095729
0.37085855
0.5022586
0.59129761
0.61247109
-0.23787683
0.81417044
1.3347272
0.5636425
0.942086
0.39637281
0.67817611
0.54242419
0.8864588
0.97752246
0.70506531
0.71188804
0.81143843
0.13433161
0.85664226
0.51370726
0.71156374
0.80675336
0.96612665
0.98214236
0.92632816
0.90390723
0.88859072
0.51470385
0.8740062
0.81035134
1.2171506
0.70923577
0.62069103
0.6769335
0.68805418
-0.44784635
0.79982252
0.50804541
0.5738574
0.39997386
0.29921837
-0.014446766
1.0663772
0.35485352
0.8776456
1.0695032
0.20172781
0.75767296
0.19854878
0.52998795
0.30700184
0.86124501
1.131271
0.6558001
0.62676678
0.61490058
0.25130027
0.63169787
0.12309455
0.54791214
0.2851524
0.96274378
0.46677152
0.91357543
0.51482736
0.99960243
0.018987275
1.0624304
0.88712625
1.19188
0.53649464
0.34465613
0.4870862
0.68711421
0.57649578
0.97479708
0.73555357
0.63678424
0.78527459
0.46921571
0.39711328
0.82918074
0.52672329
0.7116774
0.97418113
0.7697789
0.98761809
0.88523934
0.74956998
0.52917613
0.46599024
0.7718277
0.68492264
0.56691857
0.7157897
0.85760016
0.95471152
0.53589702
1.0939561
1.0032908
1.1731056
0.6146889
0.91185604
0.56245409
0.47667808
0.86517882
0.66946755
0.40239651
-11.306561
0.21064706
0.3780444
1.0222474
0.43347684
0.90090566
0.74154303
0.66974681
1.0652061
1.0163816
0.789335
0.81050202
0.61011036
0.34453558
-0.27387502
0.83299472
0.7538468
0.28809077
0.6068577
0.36453124
0.2247891
0.41704987
0.86966142
1.0800506
0.61770119
0.79687047
0.6118612
0.25521504
-0.088170432
0.24563159
0.46333317
1.1534391
0.88644049
0.7305863
1.8230372
0.84183403
0.5625911
0.76691497
0.16162356
0.65787494
0.97364517
0.69235182
1.3435859
1.0876737
0.27935349
0.76179417
0.48760779
0.91702101
0.80473475
0.4937789
0.20142919
0.72461587
0.7851043
0.41519587
0.55898268
0.85705704
1.1746823
0.61322821
0.88008361
0.038438863
0.52429638
1.270029
0.77521729
-0.13045897
0.74071336
0.43232796
0.70208986
0.64886336
0.81474618
0.76955919
0.11416913
0.94824714
0.74113873
0.8544976
0.38899669
0.29029199
0.46498083
0.98939725
0.50014098
0.85535844
0.78819178
0.72229275
0.80618901
0.043468437
0.64560686
0.59817701
0.10949689
0.7320003
0.14024089
0.47478565
-0.038645119
0.47957046
0.52883758
0.83613337
-0.48479492
0.98432932
1.1110889
0.3710987
-0.36310425
0.71106169
0.78947755
0.7062388
0.69024034
0.57397029
0.59464635
0.87564571
-0.35303779
-0.22070928
0.23413063
0.68501636
0.60747731
0.46688395
0.56117678
0.71685843
0.72427065
0.73928865
0.34386384
0.33715766
0.81734317
0.89125401
0.62951373
0.75098975
0.83997972
0.60851095
0.63978498
0.70002577
0.81831445
0.71369919
0.53265692
0.39387245
0.30031441
1.0798848
0.7090553
0.90917417
1.1181943
0.63753324
1.0012215
0.51272977
0.82815866
0.46937778
1.0164419
0.34195018
0.47845322
0.18567938
1.0443443
0.71359854
0.71518391
-0.090085152
0.54871702
0.44797824
0.89731446
0.62868857
-0.099969481
1.0184925
0.67726832
0.33697634
0.51537003
0.92388678
0.96006861
0.56736547
0.78960855
1.0041411
0.60083002
0.61909427
0.26186293
0.94016257
0.63924869
0.74241876
0.8205935
0.057735735
0.59602028
0.036723582
0.4690675
0.61339166
-0.14541151
0.43844597
0.18252423
1.1606014
0.28079815
0.56139067
0.92518333
0.72317498
-0.075608869
0.60738055
0.7592774
0.5394439
0.36198074
0.94251363
1.0640205
0.72480024
0.1630896
0.24724206
0.63979976
0.041127311
0.81368446
0.75166934
0.82538038
0.46057285
0.49793676
0.31688976
0.72810855
0.4684402
0.54766789
0.09092651
0.65235488
0.56734753
0.31073122
-0.0091422694
0.73042118
0.2022596
0.59424825
0.90040036
0.86653269
0.61183017
-0.081791924
1.0905967
0.65285961
-0.10022466
0.60037162
0.71910986
0.4859617
0.82893424
0.67825901
1.0823453
0.57253156
0.099963092
0.74049139
0.72083209
1.0808272
0.60774929
0.6418535
-0.24063142
0.35412987
0.50851737
0.20260392
0.70514903
0.87039684
0.0050197227
0.74726012
0.81964147
0.47744674
0.25552006
0.8223362
-0.61000593
0.49649841
0.41093316
0.39497564
0.21738039
0.15342892
0.66194085
0.4913244
0.83919251
0.48126038
0.52126734
0.48289453
0.54752951
0.60439171
0.35014101
0.13177923
0.31102584
0.91065053
1.0103065
0.55025246
0.098505033
0.48508929
0.47036109
0.49080808
0.48064073
0.38590906
0.40537454
0.34507668
0.62898689
0.84573031
1.0888732
0.26828017
0.95771212
0.4966045
0.51810062
0.54223799
0.63813851
0.21655913
0.92341436
1.1234371
0.68719259
0.775504
0.57858632
0.72313468
0.28913752
0.53359234
0.48824521
0.70167325
0.18853838
1.0160012
0.57694839
0.80909051
0.60678585
0.10186004
1.1336767
0.30043566
0.77714984
0.35351355
0.49306114
0.64603228
0.52909845
0.87425747
0.047918407
0.92332112
0.37757379
0.96784964
0.35729448
0.91056961
0.82417809
1.0780101
0.065867937
0.38412052
0.39519225
0.41464945
1.001777
0.60217235
0.52690358
0.97517107
0.8414536
0.72380023
1.1863302
0.49618735
0.7136685
0.85509905
0.90049157
0.63093822
0.82620546
0.066641488
0.8420963
0.81139921
0.40937798
0.99189109
-0.18323765
-0.072902397
1.1431869
0.91614841
0.78205529
0.62578728
0.49261313
0.72248516
0.71869764
0.27212737
0.79188058
0.89046765
-0.050341243
0.94585166
1.2272871
0.75447787
0.6727597
0.36734195
1.0278806
0.022878773
0.66512858
0.17861847
0.95820455
-0.18093784
0.52396057
0.3974152
1.0124502
0.4462841
1.0755408
