-1.034483
-0.88369359
-1.1317737
-1.1019285
-0.96742656
-1.0478064
-1.5508004
-1.0948798
-0.95720089
-1.1395123
-1.3818117
-0.93048553
-1.127554
-1.0560234
-1.0456766
-1.0447765
-0.93048553
-0.88369359
-1.0948798
-1.127554
-0.95720089
-1.3818117
-1.1019285
-1.034483
-1.0560234
-1.1317737
-1.0456766
-0.96742656
-1.1395123
-1.0447765
-1.0478064
-1.5508004
-0.97179401
-1.0209539
-1.0732306
-1.1692212
-1.2170153
-1.2052023
-1.0679861
-1.1521175
-0.93830072
-0.77910363
-0.89374089
-0.65681435
-0.79223177
-0.52116442
-0.95882088
-1.0106726
-1.0425026
-0.99684174
-1.1326218
-0.95762783
-0.97709271
-1.0172116
-1.0685117
-0.79956323
-1.0559815
-1.0947292
-1.0661197
-1.1117766
-0.99484613
-1.2005586
-1.0500851
-0.95862299
-1.2113851
-1.1197055
-1.0914688
-1.6311215
-0.9720318
-0.99904807
-1.4080054
-1.1197763
-1.2036633
-1.0498574
-0.80145982
-1.0967105
-1.0014486
-1.1068809
-1.1070027
-1.137757
-1.0449483
-0.95182734
-0.99415862
-1.0615842
-1.1574283
-1.1765296
-1.1282149
-1.0063278
-0.63196258
-1.0772911
-1.1655181
-1.5702406
-1.3217614
-0.94764931
-0.98587687
-1.1217009
-0.9359713
-1.1006434
-0.93938681
-1.5441664
-1.1814672
-1.1676394
-0.99787397
-1.3681284
-1.6775818
-1.0833963
-1.0283891
-1.1795597
-0.98093514
-1.0231876
-1.0109611
-1.0679501
-0.99730337
-0.99144807
-1.0431183
-1.2625837
-0.9901706
-0.93691428
-0.99917209
-0.99839979
-1.1954526
-1.1187554
-1.1933666
-1.1419577
-1.0410721
-1.070271
-1.0047782
-1.0154193
-1.0408191
-1.0974068
-1.1221457
-1.0074538
-1.1085133
-1.1839346
-1.1575752
-1.0283578
-1.0882963
-1.0066163
-1.0808079
-0.9473213
-0.94622747
-0.98668373
-0.96951762
-0.85809
-1.351651
-1.187903
-0.98604929
-0.94107205
-0.70815172
-0.86129707
-0.83705518
-1.3465765
-0.89926147
-1.007633
-1.033337
-0.93915346
-1.0785275
-1.1507701
-1.0132536
-1.0183613
-0.75685598
-0.63045633
-1.0272894
-0.99919547
-1.0886896
-1.0192484
-0.65744314
-1.2379288
-0.97936709
-1.0397931
-1.0223935
-1.3496058
-1.1072832
-1.4720309
-1.121095
-0.98578364
-1.0475241
-1.058847
-0.96858184
-1.1604152
-0.96270585
-1.0855135
-0.96580372
-0.85722188
-0.96118955
-1.2455581
-0.85458383
-0.82745042
-1.1307629
-1.0967947
-0.96799239
-1.1204676
-1.1302879
-1.1622319
-1.1482589
-1.062605
-0.93701656
-1.2754199
-1.2680669
-1.2810255
-0.98646269
-1.4592489
